1 0.001 3.69918e-06 1.8614e-07 3.51304e-06
1 1.112 0.000537734 4.30675e-05 0.000494667
1 2.223 4.91933e-05 1.22109e-05 3.69825e-05
1 3.334 5.00635e-06 2.34214e-06 2.66421e-06
1 4.445 7.76378e-07 5.80616e-07 1.95762e-07
1 5.556 1.38567e-07 1.17655e-07 2.09114e-08
1 6.667 4.20241e-08 4.04585e-08 1.56557e-09
1 7.778 9.54876e-09 9.36438e-09 1.84382e-10
1 8.889 2.61394e-09 2.59771e-09 1.62255e-11
1 10 6.33736e-10 6.32142e-10 1.59432e-12
3 0.001 9.32394e-09 3.45897e-09 5.86497e-09
3 1.112 6.65967e-06 2.7983e-06 3.86136e-06
3 2.223 3.04194e-06 1.6317e-06 1.41024e-06
3 3.334 1.64899e-06 1.26761e-06 3.81377e-07
3 4.445 3.65962e-07 3.02674e-07 6.32884e-08
3 5.556 1.02148e-07 9.35966e-08 8.55112e-09
3 6.667 3.32446e-08 3.20636e-08 1.18108e-09
3 7.778 9.63216e-09 9.40352e-09 2.28631e-10
3 8.889 2.42493e-09 2.40565e-09 1.9285e-11
3 10 1.57423e-09 1.57194e-09 2.28943e-12
5 0.001 1.98146e-10 1.62585e-10 3.55611e-11
5 1.112 1.5908e-07 1.20797e-07 3.82833e-08
5 2.223 1.7637e-07 1.52118e-07 2.42529e-08
5 3.334 1.62467e-07 1.46375e-07 1.60924e-08
5 4.445 6.7944e-08 6.49438e-08 3.00016e-09
5 5.556 2.2683e-08 2.17708e-08 9.12274e-10
5 6.667 9.52715e-09 9.39853e-09 1.2862e-10
5 7.778 4.37087e-09 4.32746e-09 4.34103e-11
5 8.889 7.36827e-10 7.31794e-10 5.03304e-12
5 10 5.37711e-10 5.36936e-10 7.74632e-13
