0.191829472780228 0.584219703522659 0
0.19199438393116 0.58331404278156 0.0002280554731399
0.192205414175987 0.582156914476134 0.000519457610487872
0.192426890134811 0.58094536402077 0.000824261480335374
0.192647337913513 0.579741884549597 0.00112691905312039
0.192885085940361 0.578460513107302 0.00143868210954502
0.19312809407711 0.577160566172603 0.0017497748654743
0.193375691771507 0.5758403054221 0.00206471615072553
0.193630263209343 0.574486521215351 0.00238720911824242
0.193885579705238 0.573133247617452 0.00270855958021005
0.194152250885963 0.571724104992387 0.00304236135595483
0.1944230645895 0.570297621159637 0.00337951353810101
0.194697514176369 0.568856957984421 0.00371896580348485
0.194977164268494 0.567394230152951 0.00406243811302475
0.195266172289848 0.565887880356036 0.00441512246990364
0.195561200380325 0.564355742873782 0.00477265384431544
0.195856302976608 0.562828470133768 0.00512815596258462
0.196161776781082 0.561253865815854 0.0054932612745511
0.19646555185318 0.559694035971998 0.00585371827805105
0.196776121854782 0.558105571090531 0.0062194683411228
0.197098463773727 0.556462969498193 0.00659665428251826
0.197421759366989 0.554822438417898 0.00697186915051344
0.19775465130806 0.553140147731541 0.00735530939554866
0.198093384504318 0.551434689352283 0.00774318888960258
0.198437809944153 0.549708939261005 0.0081335989760616
0.198780581355095 0.547998332548104 0.00851947430761062
0.199128344655037 0.546269919814651 0.0089082011637255
0.199481293559074 0.544523639202311 0.0092993935046601
0.199841216206551 0.54275100321627 0.0096947237638746
0.200210779905319 0.54093884209379 0.0100975572140403
0.200588807463646 0.539093334170078 0.0105066472583821
0.200971737504005 0.537232359053666 0.0109177374065104
0.201356500387192 0.535371664394284 0.0113268890385725
0.201746016740799 0.533496626791726 0.0117378424770067
0.202146589756012 0.53157774600582 0.0121567838333548
0.202550306916237 0.529653162143709 0.0125753792571662
0.202953785657883 0.527739230730088 0.0129899896185241
0.203366458415985 0.52579135045196 0.0134103531319505
0.20379601418972 0.523773771576753 0.013844354107256
0.204223394393921 0.521777066055199 0.0142719560233826
0.204624801874161 0.519898600894605 0.0146825094065187
0.205062836408615 0.517843251989962 0.0151424368537763
0.20551735162735 0.515721118066471 0.0156162055471789
0.205974578857422 0.513598839159707 0.0160874732440933
0.206432640552521 0.511487372409283 0.016552129795543
0.206897467374802 0.509355943084251 0.0170199134234716
0.207371100783348 0.507194528764882 0.0174937580874508
0.20784167945385 0.50505923135936 0.0179599926999337
0.208320945501328 0.502898231488269 0.0184288080440752
0.208800539374352 0.500746928253376 0.0188946720444333
0.209293022751808 0.498549044975084 0.0193698714226679
0.209801226854324 0.496294035908398 0.0198556794430918
0.210306748747826 0.494065458254097 0.0203330471537397
0.210826739668846 0.491788540529045 0.0208175179093546
0.211340114474297 0.489553089639133 0.0212920739438309
0.211875259876251 0.487236798219728 0.0217820988746501
0.212413683533669 0.484920305188527 0.022270623499449
0.21295477449894 0.482608128470373 0.0227552780594326
0.213507205247879 0.480260301199078 0.0232471203730048
0.214061081409454 0.477924656204044 0.0237318723564343
0.21462693810463 0.475553312480945 0.0242224326339493
0.215200841426849 0.473163973884853 0.0247146966536107
0.215783417224884 0.470753235022151 0.025210381521552
0.216374397277832 0.468325510177428 0.0257063419085961
0.216966435313225 0.4659070179038 0.0262006660195868
0.217575252056122 0.463437347399038 0.0267029992881921
0.218179449439049 0.461003587298196 0.0271957336148781
0.218795150518417 0.458542043205204 0.0276908397569952
0.219411879777908 0.456092730506445 0.028182055311625
0.22005033493042 0.453573683408335 0.028686246293816
0.220695495605469 0.45104848439766 0.0291879176837206
0.221346318721771 0.448521432129293 0.0296863048021011
0.222000733017921 0.445998315734132 0.0301822614991368
0.222659841179848 0.443478880152431 0.0306728423546257
0.223332077264786 0.440925899958011 0.0311697010125099
0.224000811576843 0.438401121317458 0.0316620712339241
0.224687203764915 0.435833797835856 0.0321568346102134
0.225369423627853 0.433300043652199 0.0326439775356892
0.226077377796173 0.430687296283442 0.0331469747483432
0.226782262325287 0.428111928892782 0.0336357866923231
0.227497979998589 0.425513330113128 0.0341300102005737
0.228218302130699 0.422922653391088 0.0346171658873956
0.228960067033768 0.420274721736128 0.0351139367250632
0.2297093719244 0.417622092455382 0.0356087974039532
0.230447292327881 0.415028294994016 0.0360925510788841
0.231196239590645 0.412423027622061 0.0365711728299883
0.231961786746979 0.409773735097684 0.0370621809187844
0.232733979821205 0.407132353118734 0.0375422189798502
0.233520701527596 0.404459158342793 0.0380294824599091
0.234316185116768 0.401779745767667 0.0385149853379428
0.235118761658669 0.399101300824521 0.0389964527155931
0.235924303531647 0.396438688798472 0.0394704679096144
0.23674176633358 0.39375568353709 0.0399493326429664
0.237558409571648 0.39110116398559 0.040418578297174
0.238385543227196 0.388436408276516 0.040886850268752
0.23921175301075 0.385798941799262 0.0413470990112009
0.240062907338142 0.383106104201784 0.0418143394601207
0.240926697850227 0.380393820154721 0.0422857743989862
0.24179370701313 0.377702573318998 0.0427458095244235
0.242681354284286 0.3749708189654 0.0432116204260324
0.243572399020195 0.372252884325548 0.0436734327788034
0.244454860687256 0.369591741255427 0.0441183360816926
0.245377466082573 0.366830105279853 0.0445819437140372
0.24630069732666 0.364098615300542 0.0450332142025021
0.247243195772171 0.361336056460791 0.0454876272937639
0.248198136687279 0.358561435745069 0.0459437669379962
0.249157086014748 0.35580425161712 0.046392846354476
0.250117987394333 0.353072769012618 0.0468315466499711
0.251102596521378 0.350301312076718 0.0472742135519302
0.252061367034912 0.347629977107486 0.0476976793092593
0.25304850935936 0.344902743077871 0.0481306385148176
0.254063010215759 0.342131796391366 0.0485647317455864
0.255073517560959 0.339403112101451 0.0489868416844535
0.256102323532104 0.336654238808915 0.049408585247453
0.257152616977692 0.333878768470455 0.049830233024666
0.258191078901291 0.331166259442474 0.0502368624059311
0.259230256080627 0.328477917101249 0.0506388871323928
0.260286003351212 0.325780198415116 0.0510352083217028
0.261353492736816 0.323073367870662 0.0514366550232787
0.262444049119949 0.320336526880378 0.0518405581484528
0.262444049119949 0.320336549507054 0.0518405601942635
0.263542622327805 0.317650897311414 0.0521984501442746
0.264647156000137 0.314984621312153 0.0525468148431441
0.265763968229294 0.312317596053664 0.0528926451416637
0.266913533210754 0.309609711145741 0.0532346372195955
0.268053084611893 0.306959499466841 0.0535626897617585
0.269207000732422 0.304302289700088 0.0538916070051095
0.270384013652802 0.301626992243494 0.0542156492990527
0.271554619073868 0.298998972985155 0.0545287188252106
0.272740840911865 0.296361765356993 0.0548434470725731
0.273955792188644 0.293692523625449 0.0551582718936403
0.275161981582642 0.291076696482166 0.0554605005734229
0.276395559310913 0.288432335946162 0.055763025049702
0.277643203735352 0.285793571928082 0.0560579340794321
0.278888344764709 0.283189187946046 0.0563475570362509
0.280141532421112 0.280596287210573 0.0566348772279766
0.281409502029419 0.27800513562368 0.0569177808315253
0.282693296670914 0.2754172399411 0.0571933210531951
0.283996611833572 0.272827308732787 0.0574606689859783
0.285296142101288 0.270281411971087 0.0577155466834109
0.286599576473236 0.267758913098829 0.0579646546906822
0.287938565015793 0.265199872198028 0.058213428063148
0.289282292127609 0.262657709853389 0.0584624995600993
0.290636867284775 0.260135845795637 0.0586980098252615
0.292002201080322 0.257625489842004 0.0589291632874783
0.293384850025177 0.255116484250243 0.0591555370447889
0.294793128967285 0.252592288291481 0.0593807788903531
0.296202033758163 0.250097272005929 0.0596017146429997
0.297635197639465 0.247595507889266 0.0598163886396171
0.299102395772934 0.24507174443896 0.060025598619306
0.300554484128952 0.242601800777684 0.0602312500610088
0.301992923021317 0.240191276661946 0.0604241958788526
0.303461581468582 0.237765627191031 0.0606114965748732
0.30494424700737 0.235352179216275 0.0607912400992902
0.306447774171829 0.232936049854751 0.0609685110129984
0.307966351509094 0.230528337150679 0.0611413858927542
0.309478312730789 0.22816642860335 0.061304227281501
0.311022937297821 0.225782881454133 0.0614674881469464
0.31258761882782 0.22340183783082 0.061626190458555
0.314141064882278 0.221073511697447 0.061774327926174
0.315722674131393 0.218734746653094 0.0619197208856196
0.317322969436646 0.216403070039945 0.0620588338640958
0.318921536207199 0.214110960517619 0.0621870750761088
0.3205506503582 0.211801988670109 0.062317453324782
0.322195500135422 0.209512197514525 0.0624344766736416
0.323830097913742 0.20726546816412 0.062548301244627
0.325490444898605 0.205019476469667 0.0626541725460864
0.327167570590973 0.202782335612498 0.0627561696712626
0.328874498605728 0.200540169298902 0.0628521426411354
0.330600470304489 0.198310935308607 0.062938431699207
0.332345843315125 0.196087557784809 0.0630221823362328
0.334102511405945 0.193885388660009 0.063098112274617
0.335858374834061 0.191712080459178 0.0631730424068256
0.337641775608063 0.189540797432026 0.0632401048854546
0.339432299137115 0.187393880329185 0.0633013328029836
0.341208666563034 0.18529704451483 0.0633552344314782
0.342997580766678 0.183218418767781 0.0634024627287606
0.344814419746399 0.181138596025938 0.0634453660716168
0.346668928861618 0.179048597117205 0.0634830048109734
0.348507523536682 0.177009852145677 0.0635131724679216
0.350389212369919 0.174956386558361 0.0635376161227794
0.352285385131836 0.17291537499818 0.0635607057455364
0.354184746742249 0.170905616207751 0.0635755634444016
0.356097042560577 0.16891497945946 0.0635839637692968
0.358048021793365 0.166910693536316 0.0635925738823272
0.360004484653473 0.164934416905643 0.063594109870479
0.361952662467957 0.162999431072791 0.0635886738015918
0.363919138908386 0.161077053872911 0.063578210093058
0.365900605916977 0.15917373785888 0.0635596624541658
0.367916762828827 0.157272115807591 0.0635318977869528
0.369950473308563 0.155383761767597 0.0635001317839098
0.37202975153923 0.1534827458891 0.0634647077707824
0.374077945947647 0.151640556337019 0.0634252724322624
0.376135855913162 0.149819036208829 0.0633815928473652
0.378235667943954 0.147978086220454 0.0633451428011634
0.380345970392227 0.146153977776808 0.0633081956257428
0.382404446601868 0.144406313952516 0.063264823965774
0.384574383497238 0.142594437441404 0.0632143721501076
0.386748313903809 0.140812305630433 0.0631566124560126
0.388952404260635 0.1390337384483 0.0630956652910152
0.391146540641785 0.137295867050358 0.063027808131321
0.393345713615417 0.135581512856477 0.0629573111549862
0.395553529262543 0.133891627239859 0.0628800034831764
0.397777646780014 0.132218874767408 0.0627971261193984
0.400072574615479 0.130523129318784 0.0627066791091984
0.402366578578949 0.128856451695391 0.0626131431527928
0.404652327299118 0.127224706193909 0.062515655523366
0.406974911689758 0.125596070981761 0.0624118748427072
0.409305691719055 0.123988573791618 0.0623054589701784
0.411677211523056 0.122382649827712 0.062192258476803
0.414058178663254 0.120799667626365 0.0620738981026014
0.416450768709183 0.119234350259571 0.061953984279099
0.418867319822311 0.117682122041715 0.061828492135767
0.421297520399094 0.116148657946866 0.0616989457899216
0.42377781867981 0.114614161866595 0.0615606598614132
0.42627888917923 0.113093339953476 0.0614193280140366
0.428744971752167 0.111620843044109 0.0612766620750132
0.431262046098709 0.110146328643618 0.0611264146028418
0.433783560991287 0.108696263551228 0.060972526158369
0.436325460672379 0.107264653844932 0.060810658521021
0.438893347978592 0.105844994543706 0.0606440417423208
0.441462695598602 0.104463055473004 0.0604619753482182
0.444087296724319 0.103081332115907 0.0602694584805438
0.44668897986412 0.101736738817295 0.0600765045946782
0.449337840080261 0.100393843023922 0.0598768961014914
0.452019482851028 0.0990586223246682 0.0596736689264584
0.454676121473312 0.0977606945609749 0.0594699994947342
0.457416653633118 0.0964477721605656 0.0592569034819832
0.460140526294708 0.0951670838840482 0.0590434922302757
0.462901592254639 0.0938935456159729 0.0588251072994148
0.465655744075775 0.0926476413469393 0.0586050453175807
0.468444883823395 0.0914096146812455 0.0583806332241816
0.471280604600906 0.0901741223764033 0.0581516543966941
0.474119663238525 0.0889609166412763 0.0579207971757254
0.476949065923691 0.0877760825577329 0.0576880730489123
0.479796409606934 0.0866059942034382 0.0574529264524217
0.482684522867203 0.0854413404667581 0.0572136368713196
0.485611706972122 0.0842839920940544 0.0569696073824669
0.48856246471405 0.0831391381590498 0.0567232910897212
0.491576761007309 0.0819940013226086 0.0564691249315061
0.494529962539673 0.080893378442751 0.0562197822655708
0.49756583571434 0.0797833495741302 0.0559631947685786
0.500597417354584 0.078697347321908 0.0557055207048527
0.503673315048218 0.0776161550150043 0.0554443373156493
0.506762325763702 0.0765521472107716 0.055181093067182
0.509866535663605 0.0755036842533628 0.0549163239785152
0.513034880161285 0.0744540322325531 0.0546464207885962
0.516192972660065 0.0734284978914527 0.0543771922506758
0.519401431083679 0.0724089237094654 0.0541018346831976
0.522640824317932 0.071400308883847 0.0538235567700224
0.525865912437439 0.0704157763483049 0.0535469451674135
0.529123246669769 0.0694408382712367 0.0532680095393928
0.532408893108368 0.0684764774579505 0.0529873737524536
0.535683155059814 0.0675344179349978 0.0527081341636184
0.539024770259857 0.0665926156437104 0.0524230488895691
0.542406678199768 0.0656597579018924 0.0521338565510966
0.545814216136932 0.0647375048669654 0.0518443465697474
0.549219489097595 0.063835962165219 0.0515541358496616
0.552666008472443 0.0629417972833419 0.051261216555986
0.556122183799744 0.0620632663430218 0.0509682074957019
0.559633910655975 0.0611892058751817 0.0506708788395014
0.563158869743347 0.0603294129852821 0.0503736540975101
0.566734194755554 0.0594736331944206 0.0500747297109422
0.570290088653564 0.0586411610741321 0.0497771544998454
0.573877394199371 0.0578196591683489 0.049476819282698
0.577493250370026 0.0570083684053908 0.0491754132826368
0.581149220466614 0.056204669832662 0.0488721483840011
0.584846436977386 0.0554090068647772 0.0485663952764363
0.58858448266983 0.0546210132633358 0.0482588841369508
0.592287957668304 0.0538562717666458 0.0479557769393233
0.596056044101715 0.0530955980174908 0.0476474405851222
0.599827826023102 0.0523498903646367 0.0473404221108715
0.603664219379425 0.0516068896654636 0.04702998215679
0.607516646385193 0.0508747903002174 0.0467214959289926
0.611373662948608 0.0501583067454717 0.046413040252805
0.615077495574951 0.0494764339950421 0.0461262502452055
0.619051456451416 0.0487504096337668 0.0458295838567016
0.623060822486877 0.0480347760954314 0.0455304651859175
0.627024173736572 0.0473414255867915 0.0452371476696489
0.63104784488678 0.0466563463089696 0.0449368988059607
0.635085761547089 0.0459855189158217 0.0446351063084619
0.639178514480591 0.0453168259573982 0.0443341756992511
0.643288552761078 0.0446583561308734 0.0440349591735619
0.647436439990997 0.0440089740898784 0.0437337612770485
0.651665389537811 0.043361621412286 0.0434280631169054
0.655882656574249 0.0427295231529127 0.0431255739442341
0.660114943981171 0.0421093040521142 0.0428234132282934
0.66440623998642 0.0414929182658979 0.042520074337775
0.668758988380432 0.0408821040977839 0.0422136240977005
0.673145234584808 0.0402791704645943 0.0419077652943855
0.677554309368134 0.039687073522927 0.0416017189506385
0.682026088237762 0.0390991976097307 0.0412940590019378
0.686521172523499 0.0385215235780802 0.0409867622455243
0.691019356250763 0.0379553063532215 0.040682370730592
0.695522546768188 0.0374013610777745 0.0403793705711288
0.700103640556335 0.0368509647357461 0.0400726896736531
0.704708695411682 0.0363098828342506 0.0397667855372849
0.709353387355804 0.0357763110309005 0.0394605731179644
0.714001178741455 0.0352547492691038 0.0391559956488375
0.718712151050568 0.0347373648538991 0.0388502068846961
0.723443925380707 0.0342296880352868 0.0385450959282749
0.728261530399323 0.0337243659720842 0.0382370198327959
0.733033239841461 0.0332357122930148 0.0379337350896454
0.737881422042847 0.0327499014902177 0.0376285901994976
0.742732286453247 0.032273972639386 0.0373265817103014
0.747649013996124 0.0318030479479491 0.0370224267371065
0.752568244934082 0.0313423666424791 0.0367208458046678
0.757578074932098 0.0308840196472083 0.0364161714917665
0.7625373005867 0.0304407297860876 0.0361170323813315
0.767595171928406 0.0299963659146087 0.0358170782495782
0.772734463214874 0.0295567380506491 0.0355134499826113
0.777964234352112 0.0291189989950053 0.0352079981658931
0.783141672611237 0.0286943322187347 0.0349096994459785
0.788384199142456 0.0282738541183159 0.0346107535338648
0.793600857257843 0.0278657266236679 0.0343153572458552
0.798850774765015 0.0274637292613909 0.0340214750936935
0.804269731044769 0.0270576460494764 0.0337217286278419
0.809656083583832 0.026663731859853 0.0334263137970557
0.81510454416275 0.0262743275724317 0.0331305736049474
0.820591688156128 0.0258915453837899 0.0328353979020478
0.826188743114471 0.0255099187113533 0.0325376294638016
0.831761956214905 0.0251375483237409 0.0322454174545816
0.837381601333618 0.0247709158621858 0.0319536729725523
0.84295779466629 0.0244148374120716 0.0316678410253102
0.848655223846436 0.0240603268190097 0.0313779151075759
0.854450523853302 0.0237072812776428 0.0310870167218186
0.860186994075775 0.0233659844860648 0.0308021339070011
0.865958571434021 0.0230310110727808 0.030518090473615
0.871833503246307 0.022696601703408 0.0302334507168781
0.87774658203125 0.0223684635965787 0.0299495155281169
0.883716225624084 0.0220442153642185 0.0296667687039127
0.889693737030029 0.0217267974169077 0.0293871105588904
0.895759284496307 0.0214114508294531 0.0291073108722753
0.901886224746704 0.0211009581583997 0.0288273209047413
0.907964766025543 0.0208001599675877 0.0285526753253107
0.914193749427795 0.0204988877989725 0.0282747130512253
0.920436024665833 0.0202040961437635 0.0279993889660237
0.926716387271881 0.0199135741814734 0.0277265404536846
0.933041036128998 0.0196277590184497 0.0274551065524007
0.939375102519989 0.019347917486437 0.0271867856673484
0.94580614566803 0.0190701085439256 0.0269179482985356
0.952272474765778 0.0187973700418302 0.0266508668291785
0.958763778209686 0.0185298029360074 0.0263862018612304
0.965327620506287 0.0182656461567989 0.0261217827152837
0.971865475177765 0.0180081873504796 0.0258621320406811
0.978520393371582 0.0177519658934542 0.0256013645512183
0.985229909420013 0.0174987800898224 0.0253426612107448
0.992026388645172 0.017248104628373 0.025084149056909
0.99879914522171 0.0170039471657288 0.0248300115702462
1.00568723678589 0.0167600072649914 0.0245762830121681
1.01261103153229 0.0165202448923303 0.0243248310486516
1.01950836181641 0.0162867114190077 0.0240778096024354
1.02654957771301 0.0160530241970681 0.0238297342808227
1.03358793258667 0.0158253170250471 0.0235845677647654
1.04072153568268 0.0155990686870216 0.023340205419727
1.04785346984863 0.0153790482020945 0.0230982100862707
1.04785346984863 0.015379047849083 0.0230982098486156
1.05469954013824 0.0151689979929935 0.022872553864953
1.06203079223633 0.0149489165786585 0.0226343306304986
1.06946408748627 0.0147307964702931 0.0223962752592669
1.07682836055756 0.0145195168034106 0.0221638657814402
1.0842866897583 0.0143103555880566 0.0219318349385793
1.09174752235413 0.0141058058016482 0.021703055746182
1.09927380084991 0.0139040666777263 0.0214755904436808
1.1068320274353 0.0137060118916321 0.021250435432164
1.1145031452179 0.0135094862900251 0.0210252291890689
1.12222754955292 0.0133160619887374 0.0208017568431715
1.13010692596436 0.0131232090425356 0.0205771684794646
1.13802134990692 0.0129339133108889 0.020354910671589
1.14598596096039 0.0127477200559154 0.0201345999904072
1.1540961265564 0.0125624534681788 0.0199136126300272
1.16221153736115 0.0123812811692365 0.0196958365134094
1.17037069797516 0.0122032710380976 0.0194801990716315
1.17856347560883 0.0120285742752793 0.0192669367278073
1.18671131134033 0.0118587289683921 0.0190580500273345
1.19513928890228 0.0116870038929828 0.0188452794507265
1.20336222648621 0.0115232209570906 0.0186408558951373
1.21180391311646 0.0113588191968856 0.0184342132673314
1.22029948234558 0.0111970875465067 0.01822945766354
1.2289137840271 0.0110367649885461 0.0180250967924092
1.23742437362671 0.0108819222141784 0.0178263215850267
1.24617338180542 0.0107263048813476 0.0176251561651435
1.25481104850769 0.0105760874273322 0.017429674919748
1.26377987861633 0.0104236007857084 0.017229908412454
1.27265155315399 0.0102761502184133 0.0170354742902454
1.28152370452881 0.010131957546005 0.0168441105672543
1.29057729244232 0.0099881052721377 0.016651931587495
1.2997545003891 0.0098455540629277 0.0164602775611344
1.30908954143524 0.00970381195899571 0.0162685259427989
1.31830716133118 0.00956697225149852 0.01608229607788
1.32752692699432 0.00943313967697465 0.0158990142771852
1.33683001995087 0.00930106084648931 0.0157170808732069
1.34622645378113 0.00917059258510044 0.0155363077385524
1.35564172267914 0.00904273286075979 0.0153581330537165
1.36523175239563 0.00891537478453959 0.0151796210500826
1.37491917610168 0.00878955122130159 0.015002300906184
1.38446080684662 0.00866834762836423 0.0148305175947278
1.39412498474121 0.00854824866283467 0.0146593811396268
1.40392553806305 0.00842912010371657 0.0144886870807627
1.41390264034271 0.00831049362714633 0.0143178435104099
1.42387592792511 0.00819451788799388 0.014149932763679
1.43392157554626 0.00808024264988769 0.0139836560469337
1.44412696361542 0.00796670461017561 0.0138175839848019
1.45436835289001 0.00785526987119765 0.0136537576869885
1.46479678153992 0.00774428038444411 0.0134898092209811
1.47519385814667 0.007636066025835 0.01332914917475
1.48561453819275 0.00752995599700524 0.0131708890450675
1.49620449542999 0.00742446689134399 0.0130128259253653
1.50684916973114 0.00732075418304166 0.012856685919681
1.51756393909454 0.00721863333388255 0.0127022326640043
1.52822315692902 0.00711922473186045 0.0125512438784779
1.53916084766388 0.00701943365338472 0.0123989883570821
1.54997968673706 0.00692286982336832 0.012250999498806
1.56106793880463 0.00682603027737003 0.0121019721087646
1.57211577892303 0.00673162200186726 0.0119560991181746
1.58322823047638 0.00663869925123964 0.0118119376496469
1.59453725814819 0.00654619156871437 0.0116677860298204
1.60599231719971 0.00645452479777303 0.0115243586619926
1.61743342876434 0.00636494134985078 0.0113836606160115
1.62886321544647 0.00627736863150701 0.0112455824313199
1.64035654067993 0.0061911927509849 0.0111091769338497
1.65210580825806 0.00610498429694362 0.0109722104456415
1.66398692131042 0.00601969363351287 0.0108361974652022
1.67593741416931 0.00593575599836497 0.0107018599472387
1.68803763389587 0.00585260570891941 0.0105682976171947
1.70002281665802 0.00577202497832311 0.0104383881652115
1.71227169036865 0.00569142975130889 0.0103080193979339
1.72450292110443 0.00561268196242176 0.0101801993907944
1.73676586151123 0.00553542129854158 0.0100543539336155
1.74919664859772 0.00545877043688024 0.00992909630921446
1.76160764694214 0.00538387346179163 0.00980630336400924
1.77440929412842 0.00530826317493712 0.00968196886748844
1.78718483448029 0.00523444118835957 0.0095601699643397
1.7998149394989 0.00516300761307397 0.0094419570492675
1.81269609928131 0.00509169952461026 0.0093235835283924
1.82562685012817 0.00502163235532963 0.00920693888713524
1.83868253231049 0.00495239823783416 0.0090913160102376
1.85184860229492 0.00488385022490982 0.00897707274479424
1.86509537696838 0.00481572109619761 0.00886487019303542
1.87835967540741 0.00474893636064159 0.00875459256547396
1.89225900173187 0.00468048286590245 0.0086411724745822
1.89225900173187 0.0046804828951711 0.00864117257032942
1.90494966506958 0.00461929717462159 0.00853949014846428
1.91867136955261 0.00455453396165155 0.0084314948922104
1.93253135681152 0.00449055351840009 0.0083244118074255
1.9464203119278 0.00442783092315092 0.00821908219462028
1.96017396450043 0.00436707084964437 0.00811666338402052
1.97412991523743 0.00430673463648037 0.00801463146802468
1.98816514015198 0.00424736155126114 0.00791388828578274
2.00246787071228 0.00418817771457719 0.00781309290549056
2.01681613922119 0.00413008506883315 0.00771384689059468
2.03147649765015 0.00407202843165539 0.0076143194485528
2.04610967636108 0.00401534684052281 0.0075168250819967
2.06077551841736 0.00395975688280601 0.00742093792352396
2.07541298866272 0.00390546266221326 0.00732700292172962
2.09050822257996 0.00385068279743837 0.00723193430442594
2.10554671287537 0.00379729325599866 0.00713899561279052
2.12160515785217 0.00374155226591962 0.0070416612582401
2.13679432868958 0.00368998985946679 0.00695137292026654
2.15237355232239 0.00363825662367073 0.00686050410211694
2.16788125038147 0.00358786660652546 0.00677177148028208
2.18354344367981 0.00353806668893643 0.00668385125177408
2.19939208030701 0.00348876521132953 0.00659656752681322
2.2153799533844 0.00344010121001745 0.00651020428736554
2.23133230209351 0.003392578429499 0.00642568278492886
2.24735403060913 0.00334586697323788 0.0063424015721043
2.26370549201965 0.00329922530103744 0.00625902175492562
2.27995729446411 0.00325384663365943 0.00617774358580162
2.29645156860352 0.00320878175805198 0.0060968218041633
2.31279683113098 0.00316506592541304 0.00601816048321314
2.32938194274902 0.00312163965001591 0.00593986251213459
2.3462450504303 0.00307842494819726 0.00586177605800482
2.3630645275116 0.00303622816458009 0.00578539588030121
2.38018822669983 0.0029941863618689 0.00570912238102946
2.39755129814148 0.00295245921824788 0.00563329264311649
2.41506505012512 0.00291127006000366 0.00555829915620108
2.43251729011536 0.00287110523491695 0.00548501886366517
2.45036554336548 0.0028308955445158 0.00541154899836223
2.46811056137085 0.00279177162741794 0.00533993399651148
2.48573851585388 0.00275371998041405 0.00527017099885744
2.50365209579468 0.00271585930321029 0.00520065152658196
2.52183365821838 0.00267825093154233 0.00513146028660874
2.53994703292847 0.00264156236018806 0.00506388250005444
2.55837202072144 0.00260503919732804 0.0049964738230361
2.57695126533508 0.00256897402521053 0.00492984827692871
2.59564828872681 0.00253345150864208 0.00486411614580203
2.61431097984314 0.00249873725633053 0.00479979107742545
2.63298964500427 0.00246470918050559 0.00473667253802756
2.65187215805054 0.00243103397487888 0.00467409858046981
2.67093992233276 0.00239773495490702 0.00461214542009069
2.6903190612793 0.0023645953280486 0.00455042621815633
2.70972442626953 0.00233210602739742 0.00448984381779873
2.72904205322266 0.00230043480856004 0.00443071593900135
2.74900531768799 0.00226839065762779 0.00437081551446088
2.76888179779053 0.00223715778028665 0.00431236281752423
2.78853893280029 0.00220690884196802 0.00425568968627689
2.80872845649719 0.00217648236151796 0.00419862753483902
2.82936406135559 0.00214603351080025 0.00414147536593025
2.84978747367859 0.00211653300014676 0.00408604145841815
2.87099838256836 0.00208654031956752 0.00402963213573677
2.8919153213501 0.00205759502097777 0.00397512631171968
2.91305756568909 0.00202894845172475 0.00392114735013579
2.93430042266846 0.00200077586478217 0.00386799792083101
2.95551228523254 0.00197322843618993 0.00381599212119738
2.97707915306091 0.00194580873019831 0.00376417257764383
2.99869394302368 0.00191888477090617 0.00371330292987006
3.02067971229553 0.00189193922191778 0.00366273534835295
3.04241108894348 0.00186586357099124 0.00361375714466933
3.0648078918457 0.00183956193774425 0.00356428534871383
3.08720588684082 0.00181382372107843 0.00351580557158174
3.10970854759216 0.00178851212197799 0.00346807999324796
3.13232421875 0.00176361157612143 0.00342107649889647
3.15493679046631 0.0017392437909753 0.00337501449283826
3.177809715271 0.00171511345961575 0.00332935252670292
3.20057725906372 0.00169160186805659 0.00328480066301199
3.22386288642883 0.00166806909854548 0.00324013579837335
3.24733138084412 0.0016448505881117 0.0031960280580107
3.2712881565094 0.00162165114238002 0.00315191683131149
3.29524660110474 0.00159894740975269 0.00310869907042196
3.31911420822144 0.00157680887198733 0.00306651356566894
3.34401965141296 0.00155419537570766 0.00302339818040357
3.36852121353149 0.00153243347978512 0.00298184932142061
3.39287447929382 0.00151126631951279 0.00294138107383824
3.41752910614014 0.00149027920182852 0.0029012451996584
3.44227123260498 0.00146965722379458 0.00286178347040256
3.4670467376709 0.00144943988285729 0.00282306163760655
3.49219226837158 0.00142935726651853 0.00278454600812554
3.51590633392334 0.00141078675492732 0.00274894978527971
3.54118466377258 0.00139138545612135 0.00271175339345511
3.56640267372131 0.00137242533446714 0.00267539286803476
3.59289956092834 0.00135292217391942 0.00263796407072459
3.61885738372803 0.00133422501746171 0.00260204442542774
3.64535212516785 0.00131554052965383 0.00256613005975398
3.67146301269531 0.00129750961330881 0.00253145598317241
3.69833707809448 0.00127934693417822 0.00249648435583231
3.72601556777954 0.00126103643002213 0.00246121756480978
3.75255250930786 0.00124386048528905 0.00242808842196779
3.77975225448608 0.00122660464954903 0.00239483272705562
3.80695915222168 0.00120971350980867 0.00236223389915478
3.83502149581909 0.00119265359033138 0.00232930200334479
3.86317896842957 0.0011759014477731 0.00229693939900023
3.89153981208801 0.00115938806497041 0.00226501345027465
3.91997480392456 0.00114318223705344 0.00223366317580998
3.94885396957397 0.00112706445369557 0.00220248740358699
3.97780179977417 0.00111124374387256 0.00217189135867639
4.00611543655396 0.00109609660195493 0.00214257179458708
4.03506946563721 0.00108092635063445 0.00211319674214193
4.06446361541748 0.0010658508312859 0.00208398223701942
4.09371519088745 0.0010511608988665 0.00205550480184004
4.12325477600098 0.00103663684054738 0.00202733015282285
4.15334129333496 0.00102214465816981 0.00199923052517295
4.1830940246582 0.00100811782904855 0.00197200510910042
4.21544599533081 0.000993198928174572 0.00194301693649333
4.24620056152344 0.000979317095192136 0.00191605447521514
4.27679777145386 0.000965791993467059 0.00188978312749254
4.30863523483276 0.000952012499646067 0.00186301575866233
4.32389163970947 0.00094549736501465 0.00185040578096022
4.35687303543091 0.000931654270056028 0.00182356463212058
4.38887310028076 0.000918503920848134 0.00179808441620598
4.42015552520752 0.000905917252379213 0.00177368612879433
4.45205974578857 0.000893355618749164 0.00174929999642128
4.48446941375732 0.000880857032196019 0.00172504178415134
4.51700401306152 0.000868576395840259 0.00170118912282887
4.54978132247925 0.000856467918590728 0.00167764821313396
4.58295440673828 0.000844463758217825 0.00165432207926397
4.61690044403076 0.00083243912624456 0.00163095185768242
4.65137720108032 0.000820484146396205 0.00160772226522241
4.68549299240112 0.000808914927877239 0.00158521196368306
4.72261142730713 0.00079660468840748 0.00156124970011744
4.75757312774658 0.000785266613307022 0.00153917192138101
4.79089641571045 0.000774682453037175 0.00151856266087616
4.82579135894775 0.000763826968048935 0.00149742099512781
4.86090040206909 0.000753141789107921 0.00147658376665475
4.89625644683838 0.000742602157082712 0.00145604070585506
4.93177175521851 0.000732237143275769 0.00143583154328677
4.96799802780151 0.000721888760894248 0.00141564617182833
5.00595951080322 0.00071127805385292 0.00139494590611642
5.0424542427063 0.000701303610962992 0.00137546432158091
5.07874488830566 0.000691585087921547 0.00135649917329354
5.1156120300293 0.000681915264415936 0.00133763289932605
5.15232467651367 0.000672489812576583 0.00131923091588652
5.18905687332153 0.000663255960227597 0.00130119351252873
5.2261176109314 0.00065413206061644 0.00128336581198781
5.26363277435303 0.000645089694863794 0.00126568640311166
5.30194568634033 0.000636048802014908 0.0012480037393622
5.34171915054321 0.000626859157144528 0.00123003820534848
5.38193845748901 0.000617766138484605 0.00121226470186962
5.42189741134644 0.000608925495954305 0.0011949851834803
5.46098136901855 0.00060046646435788 0.00117843395217587
5.50002717971802 0.000592185664395376 0.00116224439077868
5.54038190841675 0.000583804722814886 0.0011458606207418
5.58108377456665 0.000575534201599731 0.00112968088124214
5.62139368057251 0.000567521786015719 0.00111398542483098
5.66190195083618 0.000559629594456313 0.00109854758940959
5.70233058929443 0.000551915628063876 0.00108345787024904
5.74387454986572 0.00054415599357906 0.00106827067289041
5.78767681121826 0.00053615709972692 0.00105259383244858
5.82936382293701 0.000528692861620694 0.00103800679608211
5.8712739944458 0.000521348111090236 0.00102364159861676
5.91350936889648 0.000514100754401046 0.0010094638248233
5.95569229125977 0.000507014083489148 0.000995593572876942
6.00056743621826 0.00049963653026967 0.000981146921061454
6.04445886611938 0.000492577499176332 0.000967317042908478
6.08801889419556 0.000485714248012971 0.000953882959711238
6.12697458267212 0.000479695865419804 0.000942105036667202
6.17023992538452 0.000473135323388741 0.000929284356084396
6.21457624435425 0.000466549170745497 0.00091641775440314
6.26091289520264 0.000459814829003525 0.000903250789130096
6.30601167678833 0.00045340581873373 0.00089069933122974
6.35159873962402 0.0004470592971442 0.000878278783703244
6.37562561035156 0.000443768856684244 0.000871835240679604
6.39460372924805 0.000441191729279123 0.00086679995198662
6.44073581695557 0.000435037598238408 0.000854722398466032
6.48761558532715 0.000428907369267498 0.000842712034987428
6.53717517852783 0.000422574469951932 0.000830280367610328
6.58760595321655 0.000416259312110299 0.000817924177606096
6.63448190689087 0.000410531321322294 0.000806668701951254
6.68296957015991 0.000404714463350799 0.000795284215690862
6.73277616500854 0.000398878406596655 0.000783827204561194
6.78198146820068 0.000393227848958503 0.000772757984681626
6.83246088027954 0.000387564415495615 0.000761634186569108
6.88170528411865 0.000382147405335562 0.00075102180517531
6.9266619682312 0.000377312140440524 0.000741514032402274
6.97778367996216 0.000371911775202483 0.000730932949631892
7.02527141571045 0.000367000323620224 0.000721303691985388
7.07806253433228 0.000361652811700015 0.000710821294440152
7.12936162948608 0.00035656486717474 0.000700855328533134
7.18046188354492 0.000351606159508439 0.000691130573683182
7.23392915725708 0.000346527518872443 0.000681170703871722
7.28842735290527 0.000341465020759837 0.00067123711227978
7.34116506576538 0.000336664369098714 0.000661836155165674
7.3929328918457 0.000332050213856307 0.000652798310057206
7.44640207290649 0.000327393284640789 0.000643646288912952
7.50067043304443 0.000322760675126101 0.00063455815237047
7.55539703369141 0.000318188591705143 0.000625585907224298
7.6103196144104 0.000313698702430972 0.000616770013623646
7.66696643829346 0.000309162775251429 0.000607874598920856
7.72223091125488 0.000304838042132502 0.000599374056831684
7.72955846786499 0.000304279192583779 0.000598252336838951
7.729567527771 0.000304280566118614 0.000598248872951978
7.72957515716553 0.000304281503949145 0.000598246072698939
7.7295823097229 0.000304282176542682 0.000598243845599867
7.72958755493164 0.000304282526062139 0.000598242424243467
7.72959327697754 0.00030428280972521 0.000598240806784833
7.72959566116333 0.000304282989022435 0.000598239998461319
7.7295994758606 0.000304283387909054 0.000598238834774126
7.72960090637207 0.000304283566640356 0.000598238269986798
7.72960186004639 0.000304283762130497 0.000598237725596082
7.72960376739502 0.000304283971672584 0.000598237225922438
7.72960519790649 0.000304284154117954 0.000598236802711972
7.72960567474365 0.000304284338311952 0.00059823640256085
7.72960662841797 0.000304284546201267 0.000598235973601114
7.72960710525513 0.00030428471325379 0.000598235639242379
7.7296085357666 0.000304284904329904 0.00059823526734404
7.72960901260376 0.000304285059593363 0.000598234976013483
7.72960948944092 0.000304285205942205 0.000598234703249181
7.72960948944092 0.000304285320238713 0.000598234501543915
7.72960996627808 0.000304285446978152 0.00059823428533744
7.72961044311523 0.000304285631478841 0.000598233979471784
7.72961044311523 0.000304285717822758 0.000598233838438369
7.72961139678955 0.000304285828601496 0.00059823365962666
7.72961091995239 0.000304285915593647 0.000598233525242515
7.72961187362671 0.000304286016266728 0.000598233372431632
7.72961187362671 0.000304286093861758 0.000598233254914684
7.72961187362671 0.000304286181056384 0.000598233127946099
7.72961235046387 0.000304286299976023 0.000598232958297849
7.72961235046387 0.000304286388382513 0.000598232828814633
7.72961235046387 0.000304286459614492 0.000598232727494538
7.72961235046387 0.000304286520436202 0.000598232640890456
7.72961282730103 0.000304286577050721 0.000598232562184353
7.72961282730103 0.000304286664239395 0.000598232441056562
7.72961282730103 0.000304286724481961 0.0005982323572227
7.72961282730103 0.000304286801877588 0.000598232252029315
7.72961282730103 0.000304286901392385 0.000598232119964922
7.72961330413818 0.000304286976336821 0.000598232019843996
7.72961330413818 0.000304287042773041 0.000598231929969345
7.72961330413818 0.000304287104882023 0.00059823184759545
7.72961330413818 0.000304287158772864 0.00059823177710154
7.72961330413818 0.000304287214096474 0.000598231705263769
7.72961330413818 0.000304287280151304 0.000598231617797384
7.7296142578125 0.000304287340364721 0.000598231538531685
7.7296142578125 0.000304287413685536 0.000598231444013928
7.7296142578125 0.000304287464847105 0.000598231378077824
7.72961378097534 0.000304287509072917 0.000598231321198901
7.72961378097534 0.000304287577672789 0.000598231234159137
7.72961378097534 0.000304287632755984 0.000598231163318005
7.72961378097534 0.000304287694858039 0.00059823108268109
7.72961378097534 0.000304287743704484 0.000598231020436263
7.72961473464966 0.000304287805788007 0.000598230942213589
